725
840
279
231
250
469
839
426
376
255
776
921
542
432
879
101
558
84
449
605
444
216
419
8
112
821
275
505
846
151
687
430
462
937
618
21
994
277
579
916
538
13
515
915
832
74
718
282
398
163
498
817
889
329
639
166
834
487
317
66
893
747
248
85
269
635
81
265
215
716
804
946
951
720
26
158
780
144
321
998
961
211
47
96
882
527
413
667
421
634
972
965
623
608
765
888
543
201
693
490
153
133
989
898
291
489
43
331
207
723
262
45
358
856
572
491
243
713
371
878
686
56
221
15
540
110
742
523
767
614
375
757
232
386
966
717
892
698
148
763
268
967
769
565
175
415
786
190
674
615
467
136
139
236
751
234
712
702
620
978
57
292
416
756
159
180
533
883
954
520
570
724
619
922
809
688
996
397
233
295
631
664
970
64
696
28
75
831
503
12
755
836
276
407
411
874
31
606
466
560
14
557
122
509
472
290
443
675
705
750
537
694
704
169
541
955
446
668
367
40
212
118
646
380
841
673
938
682
183
230
155
794
521
471
227
507
940
484
920
645
753
91
906
709
575
795
296
506
632
661
30
42
465
703
699
930
22
401
171
339
591
117
847
251
601
768
616
355
859
65
116
580
131
324
213
793
244
554
666
1
273
904
23
393
76
82
984
193
929
514
417
571
869
95
654
235
448
476
343
749
195
79
196
71
347
464
423
168
336
669
123
850
87
695
439
802
94
354
142
48
37
536
627
981
425
706
990
496
54
648
679
197
252
690
103
145
105
261
333
356
194
404
59
730
610
991
405
115
609
191
289
388
152
359
547
181
442
741
798
899
630
551
960
544
200
952
260
519
119
455
962
861
161
480
625
779
886
410
385
438
90
334
982
677
349
495
311
516
330
854
932
338
357
701
660
307
178
764
746
986
99
881
975
845
369
875
885
459
657
830
891
34
800
574
382
685
392
549
567
454
453
55
534
431
370
980
49
949
130
939
113
135
626
663
46
683
138
738
512
126
862
944
5
860
772
529
327
149
280
880
220
993
302
422
127
208
983
249
816
179
124
403
176
835
44
822
924
400
919
328
146
377
257
722
346
792
901
441
744
33
594
167
918
680
9
320
312
288
304
263
77
182
224
829
863
41
4
873
636
643
434
53
497
719
297
522
203
563
408
437
451
963
582
806
483
450
700
93
707
785
864
164
602
655
223
576
858
941
16
624
598
108
185
731
550
362
501
24
258
27
569
607
715
89
518
827
662
335
644
394
871
418
617
300
452
638
457
848
390
237
319
128
98
456
69
734
711
935
199
500
402
797
651
530
486
813
777
853
995
637
589
160
345
759
592
368
20
473
971
678
504
561
826
964
6
884
281
593
681
11
766
584
927
479
364
559
202
784
492
271
890
691
62
272
32
137
470
218
562
789
957
60
63
125
783
825
721
270
379
499
942
556
555
147
493
828
352
433
876
294
697
931
154
870
818
285
440
907
587
629
299
736
525
17
316
903
253
909
475
868
865
61
474
510
934
461
188
985
728
325
997
531
301
228
458
914
337
568
114
586
808
226
852
604
762
855
837
849
172
805
508
387
374
341
988
246
429
581
787
590
737
0
801
812
143
658
647
807
436
872
83
477
80
771
913
573
726
173
539
107
642
435
857
566
910
412
225
494
406
140
156
67
372
770
552
25
259
50
603
52
395
332
820
293
791
39
209
815
322
788
373
186
192
974
956
326
109
97
344
633
353
240
524
445
897
488
851
739
222
150
170
778
819
599
256
948
992
366
526
796
640
308
545
309
206
70
121
843
727
3
478
210
908
305
936
391
928
546
174
896
219
597
894
399
761
926
628
177
659
396
283
887
132
600
528
844
214
238
969
790
502
760
111
585
895
811
264
714
735
743
286
129
810
973
977
19
905
900
72
165
866
350
141
729
247
947
692
708
134
621
513
842
481
303
427
267
803
365
463
86
548
752
428
184
976
758
162
18
414
933
911
298
958
35
460
348
773
120
754
748
867
959
824
78
468
104
274
877
622
775
58
968
29
912
535
287
68
684
653
650
943
979
424
278
383
342
732
588
266
553
284
363
313
902
774
189
106
833
578
360
340
799
254
384
239
652
2
389
781
10
88
229
670
583
577
187
409
710
564
378
649
482
361
485
672
613
241
740
314
532
157
205
595
310
217
351
242
671
315
945
987
917
689
596
665
641
7
511
306
823
102
782
838
745
925
198
36
447
245
950
953
611
318
92
73
420
676
612
656
923
381
38
323
814
517
204
733
100
51


Total Page Faults: 999